image: my_maze_map.pgm
resolution: 0.050000
origin:  [-3.898960, -3.985016, 0.0]
negate: 0
occupied_thresh: 0.65
free_thresh: 0.196
